9834
5440
6965
-2869
-7139
-5383
-2907
-9521
-5595
-234
-4365
-5103
3694
8647
-4645
6462
2731
-3158
745
8228
9069
3301
6965
9128
-2376
899
-9300
-8165
-1796
8310
-6601
-1542
4929
1416
4562
-1397
5873
9393
5385
7214
8595
2645
-9878
-4590
-7149
-8140
7774
7721
-1562
5349
-7400
-7761
-7102
-3654
-8734
1090
-7164
-360
-9087
8409
-6553
5706
-2184
8814
-7761
-2519
2434
-4231
3456
4966
-1607
-8151
2659
2862
3010
-7894
3531
9050
3689
207
2155
-9203
-7616
-2859
3551
8863
4898
-4142
-2703
-562
4534
-1919
-6426
4023
-8079
-5688
-4782
584
-7879
-6596
-6378
4950
9948
-4537
-2700
9501
728
-1892
-1135
-7395
-2471
-8073
2248
4135
8070
-6766
-1539
7685
5477
8982
-968
-437
-802
-2854
-8324
-4865
-8402
-4849
4169
-3303
-8888
4737
-9383
6567
1872
7204
-1416
8514
-5732
-477
-746
5552
5774
4781
6509
-1864
-7472
699
-3750
9279
-7700
-574
-5396
-4585
-9555
-1430
-8458
-9809
6308
6901
-696
9890
6261
-5311
3653
-4642
9045
8143
6461
3645
-4352
-2996
-3555
3411
-1059
2150
1732
-2287
2485
1780
9666
-3614
6702
643
-4280
8791
3298
6415
4282
-140
-2128
3977
-7559
5604
9267
-1542
-3503
-5846
1818
5140
7050
3219
1046
1523
7131
-6123
-1605
5570
4968
4466
8751
1883
8394
-1806
291
7176
7786
3822
-659
-9781
-5827
7607
-6465
-5809
9187
-9312
5092
9546
549
4403
-5551
4152
-8593
5280
1326
-1473
7770
4876
6021
7372
-7063
7627
-5119
-7313
-5340
-452
-2639
9252
-2744
-2296
-6384
-615
397
9562
-1924
-1047
7733
-9217
6401
-5713
8796
1659
-1750
-3932
4661
8612
8944
-5893
-4110
-1315
1048
-5919
-8466
-3920
-9973
-2296
5216
3247
4190
7635
9691
-8034
-9331
2341
-6902
1470
582
-732
1232
7961
4166
-3717
539
9589
-3552
1769
-1824
-3054
2696
474
-109
-4860
2874
-2634
6567
9266
8815
-5312
6946
6379
-4366
-6024
3109
-3542
6834
2854
3087
3377
2319
697
-5991
-4157
5411
599
-215
1208
-6706
3523
-982
-7761
-3855
-4292
1277
9561
8817
-7112
-6721
393
-4404
4239
-7180
7321
-6049
4217
256
3989
-1938
-8711
-6622
-3630
-7819
7613
-6632
9304
8429
-5646
-5728
-4757
-7765
-2943
-5785
2238
-4387
6827
3126
-3872
7329
-2222
8095
-2353
-5647
815
1870
128
1087
-2035
613
6619
-5724
-7351
8302
-2384
-6985
-1138
-7942
-4267
-5952
-5138
-9894
9930
-6854
-6515
7240
743
-575
-8520
2931
6312
8418
-7092
237
5499
-7675
-9652
-7718
-2814
-5974
8626
1371
429
2613
-7204
338
6193
-3934
-9769
1538
7485
6869
-4270
-7403
3341
3315
-8976
1688
-1699
-1112
1325
965
8449
7202
1130
8531
-9203
-4644
6995
-8621
8379
-6365
9691
-2460
-1304
5597
4681
3581
1176
-3402
-2636
6681
4931
4642
-6503
1712
-1054
3808
3510
-6268
-8930
-9728
-5139
-8274
-2375
5806
-1092
-8241
7784
5559
5242
-161
4077
-412
-8677
-6985
-5735
-8827
2292
-5410
-8436
4974
-6723
-1603
-7075
-7764
8176
-9208
9868
-4936
2574
4955
-9849
-4371
-5974
-3290
-396
-3000
892
6177
5229
6684
4781
-9288
5256
-9750
-3243
-3320
-7995
-6144
-5916
-9293
-1850
-1517
3377
-2938
-8528
9739
-8888
-8338
1225
3865
-7548
-347
-9983
3207
-1297
-8692
3623
-2919
-8225
2401
-1532
7364
4640
8624
1891
7627
-8200
-4888
667
-7764
-5236
6382
1722
-1529
1872
837
3096
-574
2490
1946
7259
5364
-6171
2803
5032
4716
8464
-7555
-3114
-3323
-4733
-1868
-7196
-8734
2132
-3402
-8667
-8027
4938
6374
9477
8829
3945
-2928
9386
5960
3203
-7994
-6169
1993
-3517
-7208
-814
8767
8318
6331
-7081
-8099
-502
699
8622
-1268
-1195
7040
-6721
-5492
857
-7727
-7588
6379
-6830
2746
2701
3043
-4644
8079
-2358
9167
4769
9567
-1842
-814
-3754
-4153
-7897
-6628
9793
-8356
1939
-5417
8495
-6015
2128
6045
1879
-21
8492
380
-9157
301
-6538
-3698
4527
8345
-5694
-364
9470
-8702
-4494
-462
-4952
743
5801
9145
-8073
-1468
-2113
-9236
965
5383
-5817
5053
-8339
6947
-1540
-4464
8749
6312
-7139
3908
8934
-9910
2499
-9308
-3177
-8364
-6378
2
-2586
-615
3176
-261
85
-2288
5737
366
1043
-2691
8206
2696
-3303
31
3026
426
-6721
-401
-448
-8060
-4116
-8139
474
8624
-3988
-2422
6045
-341
-1301
7738
-1724
68
-6526
9893
6859
-5327
-3458
-961
1640
426
7858
-1166
8048
4646
3389
9004
-8020
5454
-7329
4602
8673
-3319
-888
-5723
-3687
-2168
3018
448
-9410
-6226
-8548
3510
-4815
5014
-9750
7462
2289
-9905
5407
-6236
-1086
-2639
-4970
-4024
490
-8866
-8882
-2113
-5140
741
-4239
-1660
5516
5289
-3669
736
-4004
-4109
6033
-3040
2341
-2911
505
-814
-6335
430
2779
8206
-901
49
5754
-8980
2782
-1669
4231
-8607
6771
6385
-4587
6968
69
5081
3015
-4702
-1095
7383
3
4046
-9895
2551
1858
-6594
8051
3242
-6538
1821
6005
-2243
-7624
6665
-3265
-3409
-3750
4677
8511
-8115
808
4403
-5991
-9164
7291
-1159
2118
7011
8204
7513
784
210
-5498
-1656
-1357
-6583
450
8823
-6786
-8603
9230
7950
-9072
4929
3307
5522
6568
-9706
-6365
-5407
9028
-6701
7200
3488
-7226
-1580
-910
2698
-493
6710
-3647
1212
-6955
6021
3329
9477
-4333
3822
2986
-4071
-7164
-2384
-7778
-7605
7427
-3238
-9058
-5841
4320
-6448
915
-755
-9420
9128
-7740
-8996
4900
3290
2462
-6988
4452
-4999
8628
-3290
-2724
1470
-7824
-521
8912
4069
-990
4719
564
9267
5227
2260
-9985
6233
-4549
-7102
8568
4205
1192
3539
-5495
-3094
4867
-5537
9193
8834
1758
36
-1120
4737
9303
-5238
-7686
5997
-3012
7148
9269
5278
3284
3939
-5564
-6978
-4464
-2315
-3922
6379
4334
6352
-4370
1712
-7707
-3257
8068
-7157
2712
8915
5628
-7444
-5705
3031
9142
6743
5876
6333
6308
5170
-6979
-5345
3553
-6365
-8032
-903
-8364
4643
3062
-2598
-8526
-6343
-844
2650
-3878
1591
2443
-4442
-2931
6759
8013
-1663
5227
-6882
5801
-4376
6973
-8021
-4578
8342
-2725
4309
9730
-819
3159
7304
-5188
47
-3007
-8971
-2978
3523
-4144
5167
-8011
4948
6926
-624
-2002
8876
-5789
8052
-3367
6637
-5312
-7381
-5758
-71
5570
-8421
-2814
9924
-1603
6045
3280
-5117
-4004
1236
6353
8110
6256
6579
4221
-3303
-1827
9888
3531
9774
544
7398
4716
8088
-9357
-4233
5986
-3334
10
2293
6055
-7504
-5412
2563
1228
888
759
4900
-7540
6716
1307
-3096
5628
-5201
-9704
-5793
-5445
-8827
-4669
1605
-6305
-1380
331
-3012
-4697
1745
3723
3780
581
-4878
2515
-62
1969
-3320
3606
-9088
1360
8082
3897
-6720
-692
3336
-3208
9673
-9217
1399
4745
2191
-4425
-7122
9112
-8387
5147
2989
8028
2155
5416
-1780
6801
-3722
9437
2124
-820
-3089
-8215
-7720
-2614
6208
-2743
-8341
377
1078
-2315
-2860
-7614
-8740
-3002
8655
4905
7215
-9288
2238
1168
-6986
9043
-2036
-4486
-1558
7037
6749
3589
-8039
-1502
7364
-3548
622
8486
-3794
5651
-5890
-4684
-6398
-3330
2918
1567
1659
5703
-3947
-4943
2198
6994
-9586
-8900
4834
-4320
5241
2169
2291
2318
-2382
6491
3059
6396
799
4988
-8980
-5653
-4322
3426
-4387
9850
7883
1515
-9555
-2296
8433
-4546
8474
-2170
-3407
7276
3999
-3793
9755
2482
8813
5612
9639
-9617
-4722
8738
-4997
283
-3849
115
-9891
5834
-1267
224
3281
-3847
-8965
9341
-6293
7736
3841
9844
-5216
-59
3227
2427
9127
-7323
4141
3394
-840
3972
5182
931
2482
9506
-9311
66
9135
9631
-9053
-5054
-2355
5825
3392
9893
407
-7973
905
-8830
-7217
-1059
9843
-4655
-5643
9418
-471
4474
2248
7202
-9234
-1750
-1281
-6078
6200
9144
1675
9732
-8475
-7881
3800
1233
-3064
-4802
-7815
474
-9870
5021
996
7738
-3229
7418
9876
7148
5666
-2016
-1728
-3934
-5562
-3933
-9691
9476
7356
-6310
117
112
379
3822
5992
2328
-4521
-589
-7795
9607
-1040
839
8267
-8261
9665
7378
1373
8318
9095
5808
-9056
470
-7622
-2017
271
-9607
-383
6920
5289
-2633
-4020
4052
-3643
-4518
-1187
-9563
2270
-6428
-1846
1100
-3141
-6439
5075
-3325
-7022
3400
4961
2640
-677
-8453
-5689
1488
-5548
-2368
-6170
8863
-1095
7569
-515
-9898
-6951
4972
9669
-9556
-6163
1518
1236
4398
8995
-2167
1530
-6229
-701
-7102
3393
8824
-6632
2124
4469
-3268
6017
2399
4429
6453
-8468
-7540
-2112
-4292
9897
5531
7985
-96
-4342
9385
1805
-1537
-4872
-427
941
8121
3439
-5452
6468
1321
-9218
-8884
-5483
-6024
-5575
1114
-9474
6079
-4205
-2578
373
-5873
6578
7121
800
5124
2285
5113
-1154
-1065
-1111
8619
9132
-8466
-9667
2633
-3855
-7795
6274
4654
-6573
4915
9386
6633
-6651
1515
2516
-4671
5839
8781
85
-2422
240
-9290
864
-5992
-3245
9649
-8882
3539
-3728
5427
-3432
6297
-4858
-7395
3339
-9608
1855
-4850
-5316
-4789
-882
-4596
-5580
-7738
6241
5403
7308
7398
9709
6007
-140
-2565
1773
9645
-7720
8044
5039
-2414
-7240
2001
1433
-9708
-6910
1227
1157
-2524
5289
-468
5526
-4541
3321
-232
8749
-3383
-516
-6195
-2598
3723
5831
4013
-3701
3242
-5733
568
6318
6396
196
-7966
324
8204
-2668
-2870
-1126
-9288
-8202
8354
8531
8523
-1596
-3657
1267
-8724
3654
2657
-7385
-3652
9607
-8485
-7449
-6432
5075
-2928
-4587
-3977
-1447
9758
1855
305
3094
9363
-3327
8725
1034
-5192
-9515
8531
7734
-8137
-9044
5839
318
2680
9532
-5504
2509
-2163
-8648
1603
-6098
8688
-6627
-3702
-2099
5754
7781
-7228
-6429
4743
-7519
14
7627
-9460
1606
-8228
-726
-8555
-7897
1695
539
-8074
7178
7759
4814
3621
-7056
-6115
4318
9098
-7815
-7261
-2984
499
-2764
-609
-6723
-3838
4666
-8578
-9919
7099
3453
-2850
-7655
55
747
-5483
6734
-8237
-2151
8655
-4215
-3707
4127
4288
-586
391
3938
-3143
7882
-8884
9215
9437
-6939
-5823
6274
-5893
8317
5551
-4755
4331
-640
-452
5113
5474
-1596
3109
2713
-2606
-8751
-2061
-3532
81
-6288
4005
-8079
-1708
-629
-5699
9028
1426
-6804
-3614
-6604
6007
4846
-1701
-3885
-556
5216
-34
2574
3792
7075
-80
4709
-667
-1603
9137
2429
-7740
-9510
9870
-3527
7375
-2035
-9009
-496
6802
-3205
7241
-9313
32
-5238
868
-887
-9620
8310
9802
5061
324
-9470
-4955
7552
8787
-1409
1684
-3391
2077
-2913
4974
436
-4952
-9572
-7926
-5890
-5873
3462
5332
6338
-6628
6067
-712
1859
4263
-9077
9239
-2557
1175
2779
-7681
4781
6312
5694
-5597
-1561
-2511
7397
-8526
-2306
762
2155
-5383
2516
-4287
-6039
-7581
-2242
-421
910
9732
-4000
9234
3644
2315
-8989
5385
-1473
9246
-8794
497
2984
-5692
9649
-3877
-7778
-5491
263
-3999
-7323
-6539
-6006
-1281
633
-6708
-7058
-500
-903
-9421
884
-1548
2344
5443
5845
-2139
6100
3128
-3463
762
6401
-9091
9607
-2299
-6126
-9728
-5646
1898
7339
-1137
-4723
-5712
328
-4587
5990
3535
-2063
3792
4743
-8468
1258
-8873
9534
5995
8383
-573
7141
-3429
-8132
7148
8070
-6710
-2234
-3976
-8237
-1603
-5847
8824
8153
9854
-4654
5075
-4020
-2938
4228
4278
-2838
2348
-7134
7816
3744
-1278
-9985
6764
-3450
7308
-4081
-6511
912
-6801
-5994
8523
8981
-4020
6080
7211
-8648
-8742
-3319
-1314
7890
-4999
5658
-288
5215
-3809
-2511
7951
7409
-5
5551
-9297
-4753
-380
3377
5610
-9678
6462
-2385
7159
8743
-6060
-6301
-9136
2714
7985
2134
7703
6994
-6216
-983
-7217
-562
9838
-7681
4028
3724
-3620
9142
-1527
8064
-3768
-9241
-174
-7476
-9172
7607
9189
-8200
4870
-226
-6064
7931
-250
2328
-7499
8622
3031
-7025
-4529
9890
-5823
5760
8452
3904
-6707
4641
2942
6034
-1098
5374
-3043
4325
5768
4541
9774
-9347
-8334
-580
1833
112
4848
-9300
-4389
8799
5608
-5346
2732
-9494
9888
1322
4463
4321
-125
-8096
-9765
-6084
-986
-6470
-3999
-1388
5510
-9060
-6159
4980
-2981
3596
6591
-7418
7987
4013
-9894
1772
3152
-7531
9732
-2286
-3540
7690
4225
8266
-5823
6642
-2666
8628
-6192
884
-3858
-3796
3866
-743
4045
-2895
2568
-1021
6170
8955
-9737
-8167
-5699
7579
-6697
3175
4119
-1351
4037
3441
6701
-2661
1460
2462
3844
-2373
9484
-4596
9534
-4956
5235
1323
-9893
-3891
-5625
-5544
7977
-7472
-5447
3081
-9174
-5203
437
5655
1934
9363
2596
1422
-773
1742
-2422
7083
4273
8107
-2509
-9468
6886
-6317
5321
3738
-2787
-3980
7977
424
-1090
-9118
743
4174
-4105
9612
5463
-9889
1232
-6708
9224
5273
1319
4737
8852
7564
2070
8655
728
-6076
4028
-309
4280
-3519
4760
-7327
-8808
-1356
-3776
-8751
-4401
-3274
4695
-6348
3280
1686
916
7354
-1483
-1596
7249
-4505
8791
9758
-1717
-9666
-9948
4391
2576
-968
7812
-9239
8618
8010
4350
-7916
-6978
1808
-9751
-9027
-4333
-8263
-469
9191
6681
3689
8185
7807
1588
1914
-3780
7280
6129
5359
-6885
5893
559
-688
9644
-4020
8863
-5261
-4118
-7003
-4999
6872
-730
2238
-2063
-9246
4697
-4536
5487
4452
-5699
5431
6832
6556
1235
-3626
-3233
-1466
4320
2299
-5548
-6007
2712
523
5296
201
-3626
-1231
4080
-2822
-9273
-1238
-3961
4757
2577
-7421
-7250
7452
8940
-1871
-3106
1427
8247
-4290
7377
-8540
5227
328
-8602
723
-4574
9496
6537
4142
6558
-3927
-4664
-7427
-9307
8885
-4549
-7003
-2438
7645
9732
-3384
5440
9589
5275
-1831
-2288
-5724
6141
7871
-7135
4077
-2366
-8474
-7068
-3099
7464
9171
2351
3875
1381
896
-7633
1723
-5006
6491
-638
5713
7057
-9236
-5445
5102
8612
2981
-5249
-4168
-3872
2065
3929
1684
-4637
-1814
-6985
5615
225
2698
-9891
7214
-3012
-6614
7995
-2673
-2499
6589
-9483
-2938
7716
-730
5543
6951
7577
8041
-300
-4849
1238
-3444
2857
254
4487
-6515
-7624
-3168
-7102
-2470
-7838
7499
-910
-4208
-7944
2019
-6692
1870
1670
-6584
2283
826
3046
-9905
82
-3762
9723
-3433
-5782
-8840
-3334
-586
6796
581
-9781
1896
-6678
8113
-7903
4885
945
3402
-4858
5684
2995
134
5171
9607
9730
-5782
-6667
5374
5254
-3278
-5472
-1381
837
8506
-3768
8310
-3210
1619
2592
-11
2188
-4185
1214
7589
9899
-9087
4104
2507
-502
5862
-7675
-161
3018
5986
-1170
-4493
7092
-1813
5537
-7933
-701
6824
-9753
-7483
4463
3788
523
3138
-7632
7855
5335
-5923
4158
-9959
5298
324
-6925
9267
9612
1374
-6604
3495
-3882
278
5644
2609
3680
4781
-9536
9944
4652
8535
-8039
3926
5894
1454
-3824
-2139
-469
8751
1403
4840
1486
-2947
1941
-4604
-9894
-109
1546
7727
-1473
3502
7332
9302
9073
581
-3326
-2981
5301
5270
-6732
8977
-6058
-6107
4602
-9389
7436
-2222
6073
-1252
884
-3672
-6804
-9446
-8024
9147
7401
2412
-5249
-5791
6965
-8455
-3855
-9206
4844
-1677
-8244
7698
-9267
-2291
5227
4401
-2877
-9420
4587
6861
8414
-7016
-8274
9861
-7506
5273
-1596
-6802
7548
-6293
-9878
2651
5953
-1450
7718
7065
-9465
2358
5968
6256
4398
-6470
1550
2364
4398
2328
-3855
-6229
2465
-1560
-8203
7371
6731
5056
-8956
5349
-2219
8474
8905
9484
9178
-4205
5426
9437
-6193
-4387
377
-2996
2437
-6511
-1888
5519
9114
3864
5159
-7182
5591
-1960
4507
-951
2712
6628
784
6954
-9519
7141
-3125
-8341
9175
1115
6642
5075
2128
-7265
3374
-7055
-8302
9413
-5488
-508
-4231
6918
-4923
9358
8949
7886
-457
9664
2974
1969
6109
596
9064
-1138
4226
-6511
308
9608
9142
-5345
-8402
-8251
-1607
-3868
-1605
-1678
797
493
-464
-6016
8902
4468
-2414
7831
1955
-9849
6973
-5917
5195
-5330
1038
6176
-4146
-3371
4970
-7992
-6923
250
3876
-1187
-4669
-3764
-7261
8227
-8474
-1248
1723
-3951
-9027
5795
5031
-8860
-7180
-7195
3180
-3519
2788
4769
-7351
-3265
-6583
5862
5332
9950
3054
571
-8165
-2652
-6002
-9317
-2988
-8312
1969
2114
-598
-3252
8897
9545
4758
-9894
1540
-5021
-7966
-9307
-1318
7996
8416
-2199
3667
6742
8744
7816
7111
508
-1796
-8552
-2052
-4376
-6327
1947
7890
-1333
-1877
-7812
-537
-8083
-762
1491
182
9217
5032
7808
-4849
6187
-4869
-5139
5926
-9938
-5866
749
-8877
-1549
1196
-9894
581
-8088
1246
3963
6610
-9702
-534
-9895
9896
-5320
-2673
9099
8095
3632
-6305
-5516
-9789
5347
8085
-8851
1058
-5918
1357
7786
2851
-2306
-4915
9924
2225
-7164
1066
9045
4695
892
-9462
9659
8886
-1995
-966
7537
2986
5013
7251
-4090
560
-6033
4028
2446
1450
5801
3753
-257
3010
-5043
9553
-8032
6637
7588
9829
-3754
587
-4622
7464
-8216
-4669
1803
7066
-709
1267
6381
5543
6355
7835
1357
4023
-2085
-6761
7664
-5373
-6534
8897
-7790
1617
-2764
-969
4675
2091
7761
2805
2060
-7351
-269
7104
3176
-9708
-6535
7503
-2382
2008
3621
58
-6801
5171
3556
-9616
-5597
-598
3367
5270
8383
2657
-1666
-5445
-5354
-2233
7432
3582
9252
-5992
6007
-8035
4769
-5868
4769
-5214
-3197
-4529
4273
292
-6343
9128
2155
302
544
-4659
-8078
-700
237
-4233
3702
4781
-3933
7845
-6268
-9180
-9003
-6883
-5394
-9959
-1560
-5452
1463
33
-3723
9137
-4023
-7903
-9234
-8827
-8453
-811
7468
9477
-3185
9795
-3552
8849
-1560
9651
9135
2561
5032
-3577
-1955
-9712
3637
976
3259
8400
-5396
4911
-3131
-3733
1232
-9217
1233
-5273
3106
4915
-5278
7477
2862
-3243
-4416
-4029
-3880
-1535
-2042
-3947
7067
9759
4834
8512
3476
-2135
4775
2399
-7674
7150
-7482
3831
-4578
9251
-391
7285
5337
9625
7019
7208
-1592
-3206
-5100
5270
2395
-5417
7946
4045
-6262
-5716
-6978
-3645
-3803
-8083
-1792
6434
-9930
-910
-586
-8364
5505
6554
4263
-8742
4456
281
7028
-5841
-7559
-3205
-1728
-8761
-437
9625
1939
-8384
-620
4109
-5617
-814
5893
-2838
-1900
-8484
-7790
1411
377
-2838
-4459
-8348
2942
-4703
-2412
-2168
571
-5991
4491
6655
2202
-4194
743
-9849
1732
-3022
1650
-6064
-1900
3568
-1415
4807
-6049
6450
-550
7452
-8580
-2466
2970
9924
-8534
3048
2847
-29
-7805
6126
2864
7479
-1181
-7102
2279
-413
-5072
7701
-6186
-5802
-9728
9038
-8137
3426
4725
-9174
2636
-6179
2622
6055
-3545
6766
-9819
1207
-1612
3026
-4645
3663
-612
6322
-263
-5673
-3517
7922
-1160
7834
1167
6229
-5494
5610
9273
-4185
-504
2305
675
-9733
-4988
3581
-3280
8926
-3181
-767
4657
-792
-8665
3980
-6415
4794
-6067
4278
3275
-8567
4019
424
7073
3617
3977
1950
-6126
3744
2284
3898
305
7330
843
6537
405
9715
8542
4952
-8431
-7995
2854
3617
-4912
9453
-6362
6852
8807
7761
3405
-7473
-8898
-1341
7931
1451
-5316
-9563
-8465
8310
-7751
7602
8955
7645
8610
-901
-4082
-5054
-6208
7965
3448
8931
7884
-6708
-1947
5760
-2507
2403
8041
8247
9412
4324
-668
3883
7639
-3744
6008
-2151
-8790
4186
-347
-7504
3289
6151
6705
1203
-9688
-6450
-6616
-6814
-2081
-7068
8082
9696
-7178
-5710
2854
5715
3046
-9297
3161
-8874
1906
1659
2328
-8345
9802
3339
-6373
3099
-7919
9093
1007
2001
2788
-124
2949
1491
-4425
-1729
1612
3525
3829
-5512
-6278
-2027
-6552
-659
-2039
6558
-7487
-7230
7136
-1390
-3206
9410
523
5834
-6239
-3750
-668
622
-9854
-5416
-4075
-9755
9006
3707
3866
-4974
-7992
7842
7503
-554
-6278
-7504
7312
8623
2835
8041
-3859
3251
-210
1177
-7724
-7681
2482
2021
3814
-7333
5174
-8935
2292
7599
6394
-2444
1683
8385
-4556
-7838
9174
-396
8629
4853
-8089
-1433
-5518
51
744
-5205
4693
-9853
773
-3620
-6098
5270
9676
-7584
-9354
-8241
2436
9616
-2928
-3159
7188
9769
996
-129
-1904
-4803
-7606
-1512
9439
3046
-7843
-7223
2499
-9586
-7111
-377
-2017
-354
-3062
4186
-1338
-5385
290
3963
3663
9587
747
-721
667
1136
6015
7588
-9497
9261
-730
-8495
5503
-8009
6377
-8167
8278
-6450
9758
4491
-1470
6575
6266
1228
9937
5636
-7844
-8882
2875
-3951
-4165
-481
-5338
-968
2739
1043
-6451
8897
-7149
1148
1682
4556
-3737
-5992
-4871
1307
8915
1872
-1854
-758
7122
1137
2998
2852
-6554
613
-1924
4484
-3641
-215
8048
-6144
-5027
-3809
-4425
-6226
8693
7499
1192
7272
-5276
2063
3349
-4659
4968
6271
-9964
-9688
-4512
-5671
-787
3565
5893
5754
-9728
1818
2083
-3248
2344
8673
-5646
6049
468
4440
-2377
144
7243
-858
7533
-6781
-3367
-8971
-2883
-5391
2730
8590
-7180
-7601
-3499
-9288
-9965
-3572
8431
-4484
8779
5903
-9960
9224
3279
6170
256
3865
7477
-554
8028
1555
-6191
-7620
-9691
-1415
-3882
3820
-8340
-403
-1269
6157
-4936
-9953
593
-9832
-7926
-7344
9856
-5923
7749
5713
4742
5939
3028
-6787
12
-3762
-8927
-313
-3206
-8167
3571
-2375
-5186
-1928
-2281
-1466
-3654
-3499
-6962
399
-7838
5408
-2781
5300
-9513
1410
6031
681
9553
-2728
-7323
-8257
-1098
2596
135
-7954
5953
7731
-3027
-2599
381
-9752
-6706
-4405
-7773
-5849
-6240
4807
2073
8061
-8380
-9671
-6285
-9862
2739
8278
-9686
-9686
-2695
3010
6380
7916
7248
5195
1670
-4648
-8513
-529
7413
-7810
-508
5321
4661
-156
8968
-9557
3187
-3561
4569
-2411
-2860
-3821
-3367
8159
-5257
31
-7208
8454
-2435
4712
4388
-14
-6885
5997
3725
281
8294
6424
-5464
4360
-6076
-1440
4023
2866
1168
-6267
-9100
2922
6526
4445
-8233
8260
-6413
9547
-8607
9769
-5891
5982
6279
-3947
5386
-6025
7130
6059
9645
2114
8317
2255
-4431
5484
-7485
622
-5155
6546
4980
-8016
-296
-5876
32
-469
2857
851
8813
-3809
4152
5069
6126
7928
-8100
2835
-3882
-233
-9159
2975
9461
-8155
2851
3679
-6854
-9601
-4083
81
9159
1896
6005
-4561
9559
6181
-9519
-6373
9210
-457
-3433
-2987
-3254
-6153
5932
-1120
33
-3707
-2281
-9868
-943
-9467
0
3367
-4672
-5651
-673
-933
-7812
1123
-5216
-2955
887
6233
8316
6044
1036
-8012
2155
8411
6760
5929
2300
9238
3551
187
6073
-7995
6852
-6052
107
3858
4174
6042
-6256
-5471
9876
-4223
-2148
-9666
-2938
-3803
8640
9589
9277
-2275
-9938
5774
339
9028
3171
-2080
826
3943
1758
2255
6677
-6647
6668
-1629
-2369
3723
-2315
-3545
-7117
9069
-1406
9461
6248
-2171
5581
9547
200
-6405
2988
181
1357
9217
2074
-8901
-927
-1803
3030
7319
-1772
2245
-978
-4569
3203
5171
7117
3645
-1565
5637
8961
-7700
-755
5208
8000
6601
1543
12
4943
2806
7932
-1596
4988
5014
3864
7623
3339
1248
9422
-5102
1115
-1473
-9617
9351
225
-3047
4257
-5585
-4543
-4958
5614
-6634
1312
-8724
-4745
-6251
-6852
-9861
-9555
-5831
5986
-5992
-935
2477
3059
-4254
8538
7605
1381
-2266
7864
6799
9928
7459
-927
6921
8600
-1301
7426
4841
182
-7764
-951
7241
8472
-3734
33
-2724
4834
-124
-9878
9216
-1852
8310
8318
6000
-1678
-8601
2218
-8540
3875
7701
-2316
-6622
-6165
4518
81
-29
-171
-8237
5846
3002
6623
-8415
2955
-2634
-2668
-8244
-1130
-6882
5810
5147
-1630
544
-9313
-9127
-5347
2360
9946
596
9561
6869
-7318
-585
-6660
-4674
-4325
4942
-6088
-8257
7644
-3697
-462
-8617
-5354
2095
-7646
1961
920
1444
-4624
-7854
-9194
-7023
3788
9856
-3513
3589
-9159
8694
544
2818
-6747
-6311
1368
-8876
2804
5628
2472
-8912
-3225
-3970
-3716
9461
6824
-9882
-5505
4169
2698
-1750
7684
-7684
397
3551
-3098
7586
4316
9889
5753
-7318
5021
-5447
3176
8940
-1525
9228
2462
565
1824
941
-1338
7586
-7686
-1771
1617
-7995
9038
2190
7363
-5803
7697
112
-8665
-437
-9930
1582
5833
6355
-517
-7848
8292
5014
427
2945
2155
-1536
1153
-6774
-1818
4198
2528
-7006
5021
-9861
7906
-5673
-8724
8365
-3391
6737
8095
3629
-4668
1940
-2656
-9075
9126
4198
3114
-9498
9773
4915
-2869
3972
6887
-9434
-6690
-2017
-842
4620
4852
-2747
135
765
-309
-2199
32
-1641
7531
-978
-6393
5125
-6417
6404
2184
9447
-8555
-9772
8336
-1247
9929
4668
-575
-4225
-787
3723
6000
-4137
-3279
-4449
8250
4974
8531
7028
-9953
6008
4984
-7270
9376
1320
-113
-1806
-9749
-1978
-6614
7139
197
-278
-6632
-3113
-6542
319
4500
-5253
-8311
-3243
-974
3635
-8058
7871
-1406
6151
8153
8829
-6229
-7177
-5054
-8296
2729
9774
-9622
1659
610
-1549
-6535
-9586
4644
-5083
4955
8541
-2835
-391
9234
100
2869
-5929
-2410
-2461
4350
-6748
5532
3435
5808
5147
-2598
4207
3645
4020
815
-4668
-2613
-4668
7799
-1045
1838
6721
5640
1558
802
-3232
-2304
-1199
2048
-6715
15
-2219
2184
-7333
9538
-6697
6196
7475
9605
3897
4833
1276
-8340
32
9385
9948
-1596
-5832
5570
1470
-9386
5069
8992
4041
6520
177
-4586
2017
7145
-983
-9075
-5704
832
5655
-6808
-7469
7339
2077
-1948
4844
-6633
271
3542
-3000
9593
-7854
-9795
559
1013
6322
-498
1123
2408
3177
-8691
-2570
2624
-1560
-9960
2528
-8126
-1835
-8498
7525
4634
-3553
-820
-4249
-8864
-8231
5876
-4642
925
-254
2279
-5846
2662
9503
-3131
-1028
7930
-969
-9873
6273
7901
2779
2394
1762
-3141
4602
3260
9859
-1633
8221
-5315
9267
742
8217
9430
7329
8693
7475
-3423
5337
8500
744
3723
4450
6921
2864
-4287
8267
-6256
-9367
-7472
-9578
-4697
-7116
-9388
-7569
-7142
-954
5531
-6760
-4512
-1278
1459
-2630
8797
-99
3643
3897
-3941
2404
341
6906
-3371
5960
-7574
-2025
2448
3000
-2043
2721
6309
56
-3454
2740
6047
2647
3426
-267
-4742
4151
-1059
4074
-120
-6098
1783
3157
-3999
717
5511
925
-8217
-6923
-3303
-8436
7068
6783
2301
-5742
4221
-9993
-2900
1639
6768
4624
-6584
391
-5081
-9182
969
9784
8849
-3954
9928
9552
-726
-843
9958
7556
5440
-3877
2
-7306
-3655
292
-3290
1050
1126
5349
-4892
5250
2574
5722
-3084
-7333
-6222
-8665
-9394
-2301
-9044
6428
-5723
-396
4077
-4569
2030
6558
3138
-9852
742
-4223
1456
-1202
-8858
-4292
9471
-5701
-7891
-6618
4421
-6944
9164
-1542
931
-1842
-4891
9416
-157
-9380
-9872
-4967
-100
-6851
6512
7800
2946
2134
-4280
5074
-5789
-8137
-6086
6898
-2669
9135
4046
8778
-2221
3393
-3761
-9607
-4512
-3403
-5692
-1231
7376
6645
-8502
8561
3533
-6219
465
7388
-374
1299
-7890
-9894
-3327
715
-1036
-2376
-8755
-8488
-6726
511
2592
-6608
7559
1951
8902
7757
-3253
8962
-1183
8314
-8577
5894
-8025
-9844
-7122
9531
6200
-857
2998
6391
5016
-6801
2294
4934
4079
6431
1640
-8602
-6584
-1301
5357
6198
6960
-9159
-8626
-9728
5851
-7391
7067
-9888
3972
4567
-9861
-8742
-58
-4659
3788
100
2536
4620
4395
-9545
3820
8703
491
6333
3600
7672
-2588
5443
5300
5660
-6463
-4241
5432
896
1957
-8262
-6256
-4974
6409
2696
-4208
9792
2657
2279
8013
1504
6826
2360
-8586
-6004
-2449
-3896
8180
5560
7745
-1301
-1163
9046
1835
-301
7111
-9882
4031
1709
571
-8186
-6033
-1410
7385
-4004
2975
8070
3981
4834
-8199
-5192
7719
6615
-8814
8817
3509
5777
5402
-9307
3059
-5385
1523
6536
5031
7862
8589
-1324
-6465
9607
1442
-6448
9006
9440
1792
7240
-383
-9467
-7087
-6187
-5101
-7329
-3933
-6923
-8953
-5929
2574
-8578
-3596
-1471
-2931
5959
4567
-9320
1684
-3430
6045
1177
-3502
1776
-3196
9156
-5929
-9492
-7691
-2480
-7639
-4889
-3391
6614
-8082
-8526
825
-7115
1036
6895
-6379
-9446
-6741
58
7426
6721
207
1038
-6086
-421
6574
2184
7661
4863
-6052
-9267
6629
1103
-4365
-9883
8523
9862
-7428
-7895
-6379
8264
7572
3421
-9217
173
-5043
-3159
-33
-5887
8442
3272
-4134
5837
8266
-9256
3872
1337
6125
-8225
-3346
-6859
-2727
7493
-5920
2198
8090
-6748
-8401
4069
3836
8827
9861
4555
-12
9128
9468
-3394
-9820
-3402
-7751
-1112
7297
3596
1415
-9609
-6310
4135
3476
-9388
-2224
8981
-7449
-1098
-4950
-5328
-7711
5748
9363
-5127
187
4870
-218
1248
-7724
3336
8316
2251
-6071
9792
-2700
3876
-7578
2636
-4997
6176
8425
2368
-723
-6033
6450
-3054
920
8547
-7184
6342
-8088
-9786
-3577
7661
-677
-4630
-3432
775
-1643
6376
7613
-6450
-4596
-8693
-8665
-840
-3698
2138
9542
-1961
9633
2383
7293
8959
6096
-3100
4079
-1325
3086
-177
6891
-2900
9627
-9820
-726
1319
3097
7996
7752
-9524
9929
-7675
9295
-9363
-1686
-5138
8474
-7729
-164
7291
345
6419
5023
-1883
4943
-5644
-2885
3860
475
-1920
5694
-3043
-5253
2731
6800
-3300
-5683
-9728
8561
3091
3872
3496
-8453
426
2364
7337
6177
9645
-7459
7131
-7946
-1466
3019
170
-9625
-4974
517
-977
-8453
1712
-5929
-8440
-8234
1122
-3620
-4090
4401
5604
-8901
9607
4691
4719
4125
-2907
-6665
5320
3323
663
3794
2477
-5527
1820
9147
6279
2399
5002
-6436
1030
-7773
-4137
4716
1238
5831
3298
8623
-2470
-7555
2108
8863
-3641
3723
-1864
-3676
4681
-7400
2509
-3083
-676
3913
-9497
7585
-5213
9838
-4639
-2063
-8742
7786
1426
9286
681
-7430
1491
6056
-9498
3532
1127
6157
-301
-2972
2942
-2895
1454
-9795
-2063
-7500
7667
9344
-313
2980
5055
7142
6086
4135
-5299
-2214
-7973
571
2751
4045
-4745
-8474
-9257
7808
-263
9362
6026
2341
-5846
-5923
9739
-9130
-4586
4193
-9463
4484
6358
-8897
160
501
7486
2666
1672
-5992
2507
-7340
-7547
3637
7425
1927
-6328
-1388
4771
-1595
2875
7107
-5283
-5766
-8203
5119
9397
-4164
-7992
-2496
3363
4769
3254
-9467
8787
-8578
-4987
-3039
3416
5479
813
-7329
-3809
3232
-2616
6765
-5673
-7528
-9227
-4642
5227
4545
9659
4444
2797
-9090
-7157
2293
1411
-4849
-7988
-5718
9607
4285
1412
9761
9664
7406
373
5987
-6619
-2511
-1796
-5842
7799
6642
3488
36
2412
3898
-5825
6530
9715
1106
-7995
602
7812
-4363
847
3820
-1346
3476
-8751
-2705
6007
-8172
4895
-3912
7440
-6628
-5918
-7677
3496
-5585
-9383
1422
-3155
2945
-2017
-2634
-4758
5913
9391
-5201
-630
-5735
-6609
-7109
-469
1411
8734
-8534
-2016
1395
2198
-5100
-6217
9121
-9538
-9380
9699
5495
1820
7141
-2462
-3761
3143
2395
-5009
-3203
177
3689
133
-3652
-2061
-2506
8243
-9751
9642
8079
-3517
6288
4727
-5101
-9790
1941
6045
1399
-7568
-9888
4602
7208
-8850
-6812
3097
-7318
8764
-8932
-2838
6784
9254
-5504
-857
7887
1151
111
-4684
674
2808
504
-8629
3898
8945
5755
3350
-3205
6594
-3013
-4818
3836
2698
-4190
4719
-2052
749
-9727
3587
5850
-9032
3553
-396
-5345
1120
-8948
-9276
9672
2078
-3130
-3532
-9066
4191
-3499
400
-9765
-9907
-7204
9041
4811
-9380
-2787
-5158
1872
-8216
-9159
1682
-200
-200
-8045
4445
1193
4498
-2754
6384
5032
-3313
3617
4954
5023
9217
4023
-746
6352
4707
10
748
-2063
-1128
-2281
7141
3980
9649
-4860
2488
5862
6890
7721
5280
-7579
-3452